((("important" .
   [0 0 0 0 1 0 0 0 0])
  ("visible" .
   [0 0 0 1 0 0 0])
  ("overflow" .
   [0 0 0 0 0 0 0 1])
  ("21px" .
   [1 0 0 0])
  ("6px" .
   [1 0 0])
  ("url" .
   [0 1 0])
  ("-10px" .
   [1 0 0 0 0])
  ("margin-left" .
   [0 0 0 0 0 0 0 0 0 1 0])
  ("btn-view-demo" .
   [0 0 0 0 0 0 0 1 0 0 0 0 0])
  ("float" .
   [1 0 0 0 0])
  ("-104px" .
   [1 0 0 0 0 0])
  ("-38px" .
   [1 0 0 0 0])
  ("btn-get-the-code" .
   [0 0 0 0 0 0 0 0 0 0 1 0 0 0 0 0])
  ("background-image" .
   [0 0 0 0 0 0 0 0 0 0 1 0 0 0 0 0])
  ("section" .
   [1 0 0 0 0 0 0])
  ("Helvetica" .
   [0 0 0 1 0 0 0 0 0])
  ("231" .
   [1 0 0])
  ("details" .
   [1 0 0 0 0 0 0])
  ("width" .
   [1 0 0 0 0])
  ("example" .
   [3 0 0 0 0 0 2])
  ("none" .
   [2 0 0 0])
  ("hover" .
   [0 0 1 1 0])
  ("examples" .
   [4 0 0 0 0 0 0 1])
  ("50px" .
   [1 0 0 0])
  ("30px" .
   [1 0 0 0])
  ("padding-left" .
   [0 0 0 0 0 0 0 0 0 0 1 0])
  ("copy" .
   [1 0 0 0])
  ("solid" .
   [0 0 1 0 0])
  ("1px" .
   [1 0 0])
  ("border" .
   [1 0 0 0 0 0])
  ("40px" .
   [3 0 0 0])
  ("block" .
   [0 0 0 2 0])
  ("display" .
   [0 0 0 0 1 0 0])
  ("auto" .
   [0 1 0 0])
  ("relative" .
   [0 0 1 0 0 0 0 0])
  ("-100px" .
   [1 0 0 0 0 0])
  ("background-position" .
   [0 0 0 0 0 0 0 0 2 0 1 0 1 0 0 0 0 0 0])
  ("margin" .
   [5 0 0 0 0 0])
  ("14px" .
   [2 0 0 0])
  ("15px" .
   [2 0 0 0])
  ("no-repeat" .
   [0 0 1 1 0 0 0 0 0])
  ("png" .
   [2 0 0])
  ("mid" .
   [1 0 0])
  ("padding" .
   [2 0 0 0 0 0 2])
  ("20px" .
   [9 0 0 0])
  ("line-height" .
   [0 0 0 0 0 0 0 1 0 0 0])
  ("color" .
   [4 0 0 0 0])
  ("16px" .
   [1 0 0 0])
  ("font-size" .
   [1 0 0 0 0 0 0 0 0])
  ("font" .
   [1 0 0 0])
  ("left" .
   [0 1 2 0])
  ("delete-region-or-char" .
   [0 0 0 0 0 0 0 0 0 0 0 0 0 0 0 0 0 0 1 0 0])
  ("delete-char" .
   [0 0 0 0 0 0 0 0 0 1 0])
  ("delete-region" .
   [0 0 0 0 0 0 0 0 0 0 0 0 2])
  ("delet" .
   [0 0 0 0 1])
  ("defun" .
   [0 0 0 1 0])
  ("height" .
   [5 0 0 0 0 0])
  ("100%" .
   [1 0 0 0])
  ("0" .
   [24])
  ("repeat-x" .
   [0 0 0 0 0 1 0 0])
  ("images" .
   [3 0 0 0 0 1])
  ("background" .
   [0 0 0 0 1 0 0 0 0 3])
  ("Background" .
   [0 0 0 0 0 0 0 0 0 1])
  ("home" .
   [5 0 0 0])
  ("main-wrap" .
   [1 0 0 0 0 0 0 0 0])
  ("indent-relative-maybe" .
   [0 0 0 0 0 0 0 0 0 0 1 0 0 0 0 0 0 0 1 0 0])
  ("tab-stop-list" .
   [0 0 0 0 0 0 0 0 0 1 0 0 0])
  ("setq" .
   [1 0 0 0])
  ("defun*" .
   [1 0 0 0 0 2])
  ("require" .
   [0 0 0 0 1 0 0])
  ("when" .
   [4 0 0 0])
  ("while" .
   [0 0 1 0 0])
  ("function" .
   [0 0 0 1 0 0 0 1])
  ("fadeIn" .
   [0 0 0 0 1 0])
  ("cbk" .
   [1 0 0])
  ("true" .
   [2 0 0 0])
  ("return" .
   [2 0 0 0 0 0])
  ("something" .
   [0 0 0 0 0 0 1 0 0])
  ("right" .
   [1 0 1 0 0])
  ("text-align" .
   [0 0 0 0 0 0 1 0 0 0])
  ("interactive" .
   [1 0 0 0 0 0 0 0 0 0 2])
  ("end" .
   [3 0 0])
  ("beg" .
   [2 0 0])
  ("StringProperty" .
   [0 0 0 0 0 0 0 1 0 0 0 0 0 0])
  ("help_text" .
   [0 0 0 0 1 0 0 0 0])
  ("figcaption" .
   [1 0 0 0 0 0 0 0 0 0])
  ("padding-bottom" .
   [0 0 0 0 0 0 0 0 1 0 0 0 0 0])
  ("10px" .
   [1 0 0 0])
  ("var" .
   [1 0 0])
  ("admin" .
   [1 0 0 0 0])))
